-4.0 32.0
-3.919191919191919 30.720130598918477
-3.8383838383838382 29.466380981532495
-3.757575757575758 28.23875114784206
-3.676767676767677 27.03724109784716
-3.595959595959596 25.8618508315478
-3.515151515151515 24.712580348943984
-3.4343434343434343 23.589429650035708
-3.3535353535353534 22.492398734822974
-3.2727272727272725 21.42148760330578
-3.191919191919192 20.376696255484134
-3.111111111111111 19.358024691358025
-3.0303030303030303 18.365472910927455
-2.9494949494949494 17.39904091419243
-2.8686868686868685 16.458728701152943
-2.787878787878788 15.544536271809001
-2.7070707070707067 14.656463626160592
-2.6262626262626263 13.794510764207734
-2.5454545454545454 12.958677685950413
-2.4646464646464645 12.148964391388633
-2.3838383838383836 11.365370880522393
-2.3030303030303028 10.607897153351697
-2.2222222222222223 9.876543209876544
-2.141414141414141 9.171309050096925
-2.0606060606060606 8.492194674012856
-1.9797979797979797 7.839200081624323
-1.8989898989898988 7.212325272931332
-1.818181818181818 6.611570247933882
-1.737373737373737 6.036935006631974
-1.6565656565656566 5.488419549025609
-1.5757575757575757 4.966023875114784
-1.4949494949494948 4.469747984899499
-1.414141414141414 3.9995918783797557
-1.333333333333333 3.555555555555554
-1.2525252525252522 3.1376390164268932
-1.1717171717171713 2.7458422609937743
-1.0909090909090908 2.380165289256198
-1.01010101010101 2.0406081012141613
-0.9292929292929291 1.7271706968676657
-0.8484848484848482 1.4398530762167114
-0.7676767676767673 1.1786552392612988
-0.6868686868686864 0.9435771860014271
-0.606060606060606 0.734618916437098
-0.5252525252525251 0.5517804305683089
-0.4444444444444442 0.39506172839506126
-0.3636363636363633 0.2644628099173549
-0.28282828282828243 0.15998367513518982
-0.20202020202020154 0.0816243240485661
-0.1212121212121211 0.029384756657483878
-0.04040404040404022 0.0032649729619426294
0.040404040404040664 0.003264972961942701
0.12121212121212199 0.029384756657484308
0.20202020202020243 0.0816243240485668
0.2828282828282829 0.15998367513519035
0.3636363636363642 0.2644628099173562
0.44444444444444464 0.3950617283950621
0.525252525252526 0.5517804305683108
0.6060606060606064 0.7346189164370991
0.6868686868686869 0.9435771860014284
0.7676767676767682 1.1786552392613014
0.8484848484848486 1.439853076216713
0.92929292929293 1.727170696867669
1.0101010101010104 2.040608101214163
1.0909090909090917 2.380165289256202
1.1717171717171722 2.7458422609937783
1.2525252525252526 3.1376390164268955
1.333333333333334 3.555555555555559
1.4141414141414144 3.9995918783797584
1.4949494949494957 4.469747984899504
1.5757575757575761 4.966023875114787
1.6565656565656575 5.488419549025616
1.737373737373738 6.03693500663198
1.8181818181818183 6.611570247933885
1.8989898989898997 7.212325272931339
1.9797979797979801 7.839200081624327
2.0606060606060614 8.492194674012863
2.141414141414142 9.171309050096934
2.2222222222222223 9.876543209876544
2.3030303030303036 10.607897153351704
2.383838383838384 11.365370880522399
2.4646464646464654 12.148964391388642
2.545454545454546 12.958677685950418
2.626262626262627 13.794510764207743
2.7070707070707076 14.656463626160601
2.787878787878788 15.544536271809001
2.8686868686868694 16.458728701152953
2.94949494949495 17.399040914192433
3.030303030303031 18.365472910927465
3.1111111111111116 19.358024691358032
3.191919191919193 20.37669625548415
3.2727272727272734 21.421487603305792
3.353535353535354 22.49239873482298
3.434343434343435 23.589429650035722
3.5151515151515156 24.71258034894399
3.595959595959597 25.861850831547816
3.6767676767676774 27.03724109784717
3.757575757575758 28.23875114784206
3.838383838383839 29.46638098153251
3.9191919191919196 30.720130598918484
4.0 32.0